74 46 8 0 128 0
73 46 8 0 128 0
72 46 8 0 128 0
72 47 8 0 128 0
72 48 8 0 128 0
71 48 8 0 128 0
71 49 8 0 128 0
70 49 8 0 128 0
69 50 8 0 128 0
69 51 8 0 128 0
68 51 8 0 128 0
67 52 8 0 128 0
67 53 8 0 128 0
66 53 8 0 128 0
66 54 8 0 128 0
65 54 8 0 128 0
65 55 8 0 128 0
64 55 8 0 128 0
64 56 8 0 128 0
63 56 8 0 128 0
63 57 8 0 128 0
62 57 8 0 128 0
62 58 8 0 128 0
61 58 8 0 128 0
61 59 8 0 128 0
60 59 8 0 128 0
60 60 8 0 128 0
59 60 8 0 128 0
59 61 8 0 128 0
58 61 8 0 128 0
58 62 8 0 128 0
57 62 8 0 128 0
57 63 8 0 128 0
56 63 8 0 128 0
56 64 8 0 128 0
55 64 8 0 128 0
55 65 8 0 128 0
54 65 8 0 128 0
54 66 8 0 128 0
53 66 8 0 128 0
53 67 8 0 128 0
52 68 8 0 128 0
51 69 8 0 128 0
51 70 8 0 128 0
50 70 8 0 128 0
50 71 8 0 128 0
49 71 8 0 128 0
49 72 8 0 128 0
49 73 8 0 128 0
48 73 8 0 128 0
47 73 8 0 128 0
47 74 8 0 128 0
47 75 8 0 128 0
46 75 8 0 128 0
46 76 8 0 128 0
45 76 8 0 128 0
45 77 8 0 128 0
44 77 8 0 128 0
44 78 8 0 128 0
43 78 8 0 128 0
43 79 8 0 128 0
42 79 8 0 128 0
42 80 8 0 128 0
41 80 8 0 128 0
41 81 8 0 128 0
40 82 8 0 128 0
39 82 8 0 128 0
39 83 8 0 128 0
38 83 8 0 128 0
38 84 8 0 128 0
38 85 8 0 128 0
37 85 8 0 128 0
37 86 8 0 128 0
36 86 8 0 128 0
0 0 8 0 128 0
53 65 8 0 128 0
54 66 8 0 128 0
55 66 8 0 128 0
55 67 8 0 128 0
56 67 8 0 128 0
57 68 8 0 128 0
57 69 8 0 128 0
58 69 8 0 128 0
58 70 8 0 128 0
59 70 8 0 128 0
60 70 8 0 128 0
60 71 8 0 128 0
61 71 8 0 128 0
61 72 8 0 128 0
61 73 8 0 128 0
62 73 8 0 128 0
62 74 8 0 128 0
63 74 8 0 128 0
64 74 8 0 128 0
64 75 8 0 128 0
65 75 8 0 128 0
65 76 8 0 128 0
65 77 8 0 128 0
66 77 8 0 128 0
66 78 8 0 128 0
67 78 8 0 128 0
68 78 8 0 128 0
68 79 8 0 128 0
69 79 8 0 128 0
69 80 8 0 128 0
69 81 8 0 128 0
70 81 8 0 128 0
70 82 8 0 128 0
71 82 8 0 128 0
71 83 8 0 128 0
72 83 8 0 128 0
73 83 8 0 128 0
73 84 8 0 128 0
74 85 8 0 128 0
75 85 8 0 128 0
75 86 8 0 128 0
76 86 8 0 128 0
76 87 8 0 128 0
77 87 8 0 128 0
78 87 8 0 128 0
78 88 8 0 128 0
78 89 8 0 128 0
79 89 8 0 128 0
80 90 8 0 128 0
81 90 8 0 128 0
81 91 8 0 128 0
82 91 8 0 128 0
83 92 8 0 128 0
83 93 8 0 128 0
84 93 8 0 128 0
85 93 8 0 128 0
85 94 8 0 128 0
86 94 8 0 128 0
87 94 8 0 128 0
87 95 8 0 128 0
88 95 8 0 128 0
89 95 8 0 128 0
90 95 8 0 128 0
90 94 8 0 128 0
0 0 8 0 128 0
109 48 8 0 128 0
109 49 8 0 128 0
109 50 8 0 128 0
108 50 8 0 128 0
108 51 8 0 128 0
108 52 8 0 128 0
108 53 8 0 128 0
108 54 8 0 128 0
107 54 8 0 128 0
107 55 8 0 128 0
107 56 8 0 128 0
107 57 8 0 128 0
107 58 8 0 128 0
107 59 8 0 128 0
107 60 8 0 128 0
107 61 8 0 128 0
107 62 8 0 128 0
107 63 8 0 128 0
107 64 8 0 128 0
107 65 8 0 128 0
106 65 8 0 128 0
106 66 8 0 128 0
106 67 8 0 128 0
106 68 8 0 128 0
106 69 8 0 128 0
106 70 8 0 128 0
106 71 8 0 128 0
106 72 8 0 128 0
106 73 8 0 128 0
106 74 8 0 128 0
106 75 8 0 128 0
106 76 8 0 128 0
106 77 8 0 128 0
106 78 8 0 128 0
106 79 8 0 128 0
106 80 8 0 128 0
106 81 8 0 128 0
106 82 8 0 128 0
106 83 8 0 128 0
106 84 8 0 128 0
106 85 8 0 128 0
106 86 8 0 128 0
106 87 8 0 128 0
106 88 8 0 128 0
106 89 8 0 128 0
106 90 8 0 128 0
105 90 8 0 128 0
105 91 8 0 128 0
0 0 8 0 128 0
68 94 8 0 128 0
67 94 8 0 128 0
67 95 8 0 128 0
67 96 8 0 128 0
67 97 8 0 128 0
67 98 8 0 128 0
67 99 8 0 128 0
67 100 8 0 128 0
66 100 8 0 128 0
66 101 8 0 128 0
66 102 8 0 128 0
66 103 8 0 128 0
66 104 8 0 128 0
66 106 8 0 128 0
66 107 8 0 128 0
66 108 8 0 128 0
66 109 8 0 128 0
66 110 8 0 128 0
66 111 8 0 128 0
66 112 8 0 128 0
66 113 8 0 128 0
66 114 8 0 128 0
66 115 8 0 128 0
66 116 8 0 128 0
66 117 8 0 128 0
66 118 8 0 128 0
66 119 8 0 128 0
66 120 8 0 128 0
66 121 8 0 128 0
66 122 8 0 128 0
66 123 8 0 128 0
66 124 8 0 128 0
67 124 8 0 128 0
67 125 8 0 128 0
68 125 8 0 128 0
69 125 8 0 128 0
70 125 8 0 128 0
71 125 8 0 128 0
72 125 8 0 128 0
73 125 8 0 128 0
74 125 8 0 128 0
75 125 8 0 128 0
76 125 8 0 128 0
77 125 8 0 128 0
78 125 8 0 128 0
79 125 8 0 128 0
80 125 8 0 128 0
81 125 8 0 128 0
82 125 8 0 128 0
83 125 8 0 128 0
84 125 8 0 128 0
85 125 8 0 128 0
86 125 8 0 128 0
87 125 8 0 128 0
88 125 8 0 128 0
90 125 8 0 128 0
91 125 8 0 128 0
92 125 8 0 128 0
93 125 8 0 128 0
94 125 8 0 128 0
95 125 8 0 128 0
96 125 8 0 128 0
97 125 8 0 128 0
98 125 8 0 128 0
99 125 8 0 128 0
101 125 8 0 128 0
102 125 8 0 128 0
103 125 8 0 128 0
104 125 8 0 128 0
105 125 8 0 128 0
106 125 8 0 128 0
107 125 8 0 128 0
108 125 8 0 128 0
109 125 8 0 128 0
110 125 8 0 128 0
112 126 8 0 128 0
113 126 8 0 128 0
114 126 8 0 128 0
116 126 8 0 128 0
117 126 8 0 128 0
118 126 8 0 128 0
119 126 8 0 128 0
120 126 8 0 128 0
121 126 8 0 128 0
122 126 8 0 128 0
123 126 8 0 128 0
124 126 8 0 128 0
125 126 8 0 128 0
126 126 8 0 128 0
126 125 8 0 128 0
0 0 8 0 128 0
190 51 8 51 57 255
189 51 8 51 57 255
188 51 8 51 57 255
187 51 8 51 57 255
186 51 8 51 57 255
185 51 8 51 57 255
184 51 8 51 57 255
183 51 8 51 57 255
182 51 8 51 57 255
181 51 8 51 57 255
180 51 8 51 57 255
179 51 8 51 57 255
179 52 8 51 57 255
178 52 8 51 57 255
177 52 8 51 57 255
177 53 8 51 57 255
176 54 8 51 57 255
175 54 8 51 57 255
174 55 8 51 57 255
173 55 8 51 57 255
173 56 8 51 57 255
172 56 8 51 57 255
172 57 8 51 57 255
171 58 8 51 57 255
170 58 8 51 57 255
170 59 8 51 57 255
169 59 8 51 57 255
169 60 8 51 57 255
168 60 8 51 57 255
168 61 8 51 57 255
167 62 8 51 57 255
166 62 8 51 57 255
166 63 8 51 57 255
166 64 8 51 57 255
165 64 8 51 57 255
165 65 8 51 57 255
165 66 8 51 57 255
164 67 8 51 57 255
164 68 8 51 57 255
164 69 8 51 57 255
164 70 8 51 57 255
164 71 8 51 57 255
164 72 8 51 57 255
164 73 8 51 57 255
164 74 8 51 57 255
164 75 8 51 57 255
164 76 8 51 57 255
165 76 8 51 57 255
165 77 8 51 57 255
166 77 8 51 57 255
167 77 8 51 57 255
168 77 8 51 57 255
168 78 8 51 57 255
169 78 8 51 57 255
170 78 8 51 57 255
171 78 8 51 57 255
172 78 8 51 57 255
173 79 8 51 57 255
174 79 8 51 57 255
175 79 8 51 57 255
176 79 8 51 57 255
177 79 8 51 57 255
178 79 8 51 57 255
179 79 8 51 57 255
180 79 8 51 57 255
181 79 8 51 57 255
182 79 8 51 57 255
183 79 8 51 57 255
184 79 8 51 57 255
185 79 8 51 57 255
186 79 8 51 57 255
187 79 8 51 57 255
188 79 8 51 57 255
188 78 8 51 57 255
189 78 8 51 57 255
190 78 8 51 57 255
190 77 8 51 57 255
191 77 8 51 57 255
191 76 8 51 57 255
192 76 8 51 57 255
193 75 8 51 57 255
193 74 8 51 57 255
194 74 8 51 57 255
194 73 8 51 57 255
195 73 8 51 57 255
195 72 8 51 57 255
196 72 8 51 57 255
196 71 8 51 57 255
197 71 8 51 57 255
197 70 8 51 57 255
197 69 8 51 57 255
198 68 8 51 57 255
198 67 8 51 57 255
199 67 8 51 57 255
199 66 8 51 57 255
200 66 8 51 57 255
200 65 8 51 57 255
200 64 8 51 57 255
200 63 8 51 57 255
200 62 8 51 57 255
200 61 8 51 57 255
200 60 8 51 57 255
200 59 8 51 57 255
200 58 8 51 57 255
200 57 8 51 57 255
200 56 8 51 57 255
199 56 8 51 57 255
199 55 8 51 57 255
198 55 8 51 57 255
197 55 8 51 57 255
197 54 8 51 57 255
196 54 8 51 57 255
195 54 8 51 57 255
194 54 8 51 57 255
194 53 8 51 57 255
193 53 8 51 57 255
192 53 8 51 57 255
192 54 8 51 57 255
193 54 8 51 57 255
194 54 8 51 57 255
195 54 8 51 57 255
196 54 8 51 57 255
197 54 8 51 57 255
198 54 8 51 57 255
199 54 8 51 57 255
200 54 8 51 57 255
201 54 8 51 57 255
202 54 8 51 57 255
203 54 8 51 57 255
204 54 8 51 57 255
205 54 8 51 57 255
206 54 8 51 57 255
207 54 8 51 57 255
208 54 8 51 57 255
209 54 8 51 57 255
210 54 8 51 57 255
211 54 8 51 57 255
212 54 8 51 57 255
213 54 8 51 57 255
214 54 8 51 57 255
215 54 8 51 57 255
216 54 8 51 57 255
217 54 8 51 57 255
218 54 8 51 57 255
219 54 8 51 57 255
220 54 8 51 57 255
221 54 8 51 57 255
221 55 8 51 57 255
222 55 8 51 57 255
223 55 8 51 57 255
224 55 8 51 57 255
225 55 8 51 57 255
225 56 8 51 57 255
0 0 8 51 57 255
208 70 8 51 57 255
209 70 8 51 57 255
210 70 8 51 57 255
211 70 8 51 57 255
212 70 8 51 57 255
213 70 8 51 57 255
214 70 8 51 57 255
215 70 8 51 57 255
216 70 8 51 57 255
217 70 8 51 57 255
218 70 8 51 57 255
219 70 8 51 57 255
220 70 8 51 57 255
221 70 8 51 57 255
222 70 8 51 57 255
223 70 8 51 57 255
224 70 8 51 57 255
225 70 8 51 57 255
226 70 8 51 57 255
227 70 8 51 57 255
228 70 8 51 57 255
229 69 8 51 57 255
230 69 8 51 57 255
231 69 8 51 57 255
232 69 8 51 57 255
232 68 8 51 57 255
233 68 8 51 57 255
233 67 8 51 57 255
0 0 8 51 57 255
235 40 8 51 57 255
235 41 8 51 57 255
235 42 8 51 57 255
234 43 8 51 57 255
234 44 8 51 57 255
234 45 8 51 57 255
234 46 8 51 57 255
233 46 8 51 57 255
233 47 8 51 57 255
232 47 8 51 57 255
232 48 8 51 57 255
232 49 8 51 57 255
232 50 8 51 57 255
231 50 8 51 57 255
231 51 8 51 57 255
231 52 8 51 57 255
231 53 8 51 57 255
230 54 8 51 57 255
230 55 8 51 57 255
230 56 8 51 57 255
230 57 8 51 57 255
230 58 8 51 57 255
230 59 8 51 57 255
230 60 8 51 57 255
230 61 8 51 57 255
229 62 8 51 57 255
229 63 8 51 57 255
229 64 8 51 57 255
229 65 8 51 57 255
229 66 8 51 57 255
229 67 8 51 57 255
229 68 8 51 57 255
229 69 8 51 57 255
229 70 8 51 57 255
229 71 8 51 57 255
229 72 8 51 57 255
229 73 8 51 57 255
229 74 8 51 57 255
229 75 8 51 57 255
229 76 8 51 57 255
229 77 8 51 57 255
229 78 8 51 57 255
229 79 8 51 57 255
229 80 8 51 57 255
229 81 8 51 57 255
229 82 8 51 57 255
229 83 8 51 57 255
229 84 8 51 57 255
229 85 8 51 57 255
230 85 8 51 57 255
230 86 8 51 57 255
230 87 8 51 57 255
230 88 8 51 57 255
230 89 8 51 57 255
230 90 8 51 57 255
230 91 8 51 57 255
230 92 8 51 57 255
230 93 8 51 57 255
230 94 8 51 57 255
230 95 8 51 57 255
0 0 8 51 57 255
213 108 8 51 57 255
212 108 8 51 57 255
211 108 8 51 57 255
210 108 8 51 57 255
210 109 8 51 57 255
209 109 8 51 57 255
208 109 8 51 57 255
207 109 8 51 57 255
207 110 8 51 57 255
206 110 8 51 57 255
205 110 8 51 57 255
205 111 8 51 57 255
205 112 8 51 57 255
204 112 8 51 57 255
203 112 8 51 57 255
203 113 8 51 57 255
202 113 8 51 57 255
202 114 8 51 57 255
201 114 8 51 57 255
201 115 8 51 57 255
201 116 8 51 57 255
200 117 8 51 57 255
200 118 8 51 57 255
199 118 8 51 57 255
199 119 8 51 57 255
199 120 8 51 57 255
199 121 8 51 57 255
198 121 8 51 57 255
198 122 8 51 57 255
198 123 8 51 57 255
198 124 8 51 57 255
198 125 8 51 57 255
198 126 8 51 57 255
198 127 8 51 57 255
198 128 8 51 57 255
198 129 8 51 57 255
198 130 8 51 57 255
198 131 8 51 57 255
198 132 8 51 57 255
199 132 8 51 57 255
200 132 8 51 57 255
200 133 8 51 57 255
201 133 8 51 57 255
202 133 8 51 57 255
203 133 8 51 57 255
204 133 8 51 57 255
205 133 8 51 57 255
206 133 8 51 57 255
207 133 8 51 57 255
208 133 8 51 57 255
209 132 8 51 57 255
209 131 8 51 57 255
210 131 8 51 57 255
211 131 8 51 57 255
211 130 8 51 57 255
212 130 8 51 57 255
212 129 8 51 57 255
213 129 8 51 57 255
213 128 8 51 57 255
213 127 8 51 57 255
214 127 8 51 57 255
214 126 8 51 57 255
214 125 8 51 57 255
215 125 8 51 57 255
215 124 8 51 57 255
215 123 8 51 57 255
216 123 8 51 57 255
216 122 8 51 57 255
216 121 8 51 57 255
216 120 8 51 57 255
217 119 8 51 57 255
217 118 8 51 57 255
217 117 8 51 57 255
218 117 8 51 57 255
218 116 8 51 57 255
218 115 8 51 57 255
218 114 8 51 57 255
218 113 8 51 57 255
217 113 8 51 57 255
217 112 8 51 57 255
216 112 8 51 57 255
215 112 8 51 57 255
214 112 8 51 57 255
214 111 8 51 57 255
213 111 8 51 57 255
0 0 8 51 57 255
295 41 8 255 104 154
296 41 8 255 104 154
297 41 8 255 104 154
298 41 8 255 104 154
299 41 8 255 104 154
300 41 8 255 104 154
301 41 8 255 104 154
303 41 8 255 104 154
304 41 8 255 104 154
306 41 8 255 104 154
307 41 8 255 104 154
308 41 8 255 104 154
310 41 8 255 104 154
311 41 8 255 104 154
313 41 8 255 104 154
314 41 8 255 104 154
315 41 8 255 104 154
317 41 8 255 104 154
318 41 8 255 104 154
319 41 8 255 104 154
322 41 8 255 104 154
323 41 8 255 104 154
325 41 8 255 104 154
326 41 8 255 104 154
327 41 8 255 104 154
328 41 8 255 104 154
329 41 8 255 104 154
331 41 8 255 104 154
332 41 8 255 104 154
333 41 8 255 104 154
334 41 8 255 104 154
335 41 8 255 104 154
336 41 8 255 104 154
337 41 8 255 104 154
337 42 8 255 104 154
338 42 8 255 104 154
339 42 8 255 104 154
340 42 8 255 104 154
340 43 8 255 104 154
341 43 8 255 104 154
341 44 8 255 104 154
341 45 8 255 104 154
341 46 8 255 104 154
341 47 8 255 104 154
341 48 8 255 104 154
341 49 8 255 104 154
341 50 8 255 104 154
341 51 8 255 104 154
341 52 8 255 104 154
341 53 8 255 104 154
341 54 8 255 104 154
341 55 8 255 104 154
341 56 8 255 104 154
340 56 8 255 104 154
339 56 8 255 104 154
339 57 8 255 104 154
338 57 8 255 104 154
337 57 8 255 104 154
336 57 8 255 104 154
335 57 8 255 104 154
334 57 8 255 104 154
333 57 8 255 104 154
332 57 8 255 104 154
331 57 8 255 104 154
330 57 8 255 104 154
329 57 8 255 104 154
328 57 8 255 104 154
327 57 8 255 104 154
326 57 8 255 104 154
325 57 8 255 104 154
324 58 8 255 104 154
323 58 8 255 104 154
322 58 8 255 104 154
321 58 8 255 104 154
320 58 8 255 104 154
319 58 8 255 104 154
319 59 8 255 104 154
318 59 8 255 104 154
317 59 8 255 104 154
316 59 8 255 104 154
315 59 8 255 104 154
314 60 8 255 104 154
313 60 8 255 104 154
312 60 8 255 104 154
312 61 8 255 104 154
311 61 8 255 104 154
311 62 8 255 104 154
310 62 8 255 104 154
310 63 8 255 104 154
309 63 8 255 104 154
309 64 8 255 104 154
308 64 8 255 104 154
308 65 8 255 104 154
308 66 8 255 104 154
308 67 8 255 104 154
308 68 8 255 104 154
308 69 8 255 104 154
309 69 8 255 104 154
310 69 8 255 104 154
311 69 8 255 104 154
312 69 8 255 104 154
313 69 8 255 104 154
314 69 8 255 104 154
315 69 8 255 104 154
316 69 8 255 104 154
317 69 8 255 104 154
318 69 8 255 104 154
319 69 8 255 104 154
320 69 8 255 104 154
321 69 8 255 104 154
322 69 8 255 104 154
323 69 8 255 104 154
324 69 8 255 104 154
325 69 8 255 104 154
326 69 8 255 104 154
327 69 8 255 104 154
328 69 8 255 104 154
329 69 8 255 104 154
333 69 8 255 104 154
334 69 8 255 104 154
335 69 8 255 104 154
336 69 8 255 104 154
337 69 8 255 104 154
338 69 8 255 104 154
339 69 8 255 104 154
340 69 8 255 104 154
341 69 8 255 104 154
342 69 8 255 104 154
343 69 8 255 104 154
344 69 8 255 104 154
345 69 8 255 104 154
346 69 8 255 104 154
347 69 8 255 104 154
349 69 8 255 104 154
350 69 8 255 104 154
351 69 8 255 104 154
350 69 8 255 104 154
349 69 8 255 104 154
0 0 8 255 104 154
317 74 8 255 104 154
317 75 8 255 104 154
317 76 8 255 104 154
317 77 8 255 104 154
317 78 8 255 104 154
317 79 8 255 104 154
317 80 8 255 104 154
317 81 8 255 104 154
317 82 8 255 104 154
317 83 8 255 104 154
317 84 8 255 104 154
317 85 8 255 104 154
318 85 8 255 104 154
319 85 8 255 104 154
320 85 8 255 104 154
0 0 8 255 104 154
338 70 8 255 104 154
338 71 8 255 104 154
338 72 8 255 104 154
338 73 8 255 104 154
338 74 8 255 104 154
338 75 8 255 104 154
337 76 8 255 104 154
337 77 8 255 104 154
337 78 8 255 104 154
336 79 8 255 104 154
336 80 8 255 104 154
336 81 8 255 104 154
335 83 8 255 104 154
334 84 8 255 104 154
334 85 8 255 104 154
334 86 8 255 104 154
334 87 8 255 104 154
333 87 8 255 104 154
333 88 8 255 104 154
333 89 8 255 104 154
332 89 8 255 104 154
331 89 8 255 104 154
0 0 8 255 104 154
289 93 8 255 104 154
290 93 8 255 104 154
291 93 8 255 104 154
293 93 8 255 104 154
294 93 8 255 104 154
295 93 8 255 104 154
296 93 8 255 104 154
298 93 8 255 104 154
299 93 8 255 104 154
300 93 8 255 104 154
301 93 8 255 104 154
302 92 8 255 104 154
304 92 8 255 104 154
305 92 8 255 104 154
306 92 8 255 104 154
308 92 8 255 104 154
309 92 8 255 104 154
311 91 8 255 104 154
312 91 8 255 104 154
315 91 8 255 104 154
315 90 8 255 104 154
316 90 8 255 104 154
319 90 8 255 104 154
320 90 8 255 104 154
322 90 8 255 104 154
323 90 8 255 104 154
324 90 8 255 104 154
325 90 8 255 104 154
326 90 8 255 104 154
327 90 8 255 104 154
328 90 8 255 104 154
329 90 8 255 104 154
330 90 8 255 104 154
331 90 8 255 104 154
332 90 8 255 104 154
333 90 8 255 104 154
334 90 8 255 104 154
335 90 8 255 104 154
336 90 8 255 104 154
337 90 8 255 104 154
337 89 8 255 104 154
338 89 8 255 104 154
339 89 8 255 104 154
339 90 8 255 104 154
339 91 8 255 104 154
0 0 8 255 104 154
320 115 8 255 104 154
319 115 8 255 104 154
318 115 8 255 104 154
317 115 8 255 104 154
316 115 8 255 104 154
315 115 8 255 104 154
314 115 8 255 104 154
313 116 8 255 104 154
313 117 8 255 104 154
312 117 8 255 104 154
312 118 8 255 104 154
311 118 8 255 104 154
311 119 8 255 104 154
311 120 8 255 104 154
310 120 8 255 104 154
310 121 8 255 104 154
309 121 8 255 104 154
309 122 8 255 104 154
309 123 8 255 104 154
309 124 8 255 104 154
309 125 8 255 104 154
309 126 8 255 104 154
309 127 8 255 104 154
309 128 8 255 104 154
309 129 8 255 104 154
310 129 8 255 104 154
310 130 8 255 104 154
311 130 8 255 104 154
312 130 8 255 104 154
312 131 8 255 104 154
313 131 8 255 104 154
314 131 8 255 104 154
315 131 8 255 104 154
315 132 8 255 104 154
316 132 8 255 104 154
318 133 8 255 104 154
319 133 8 255 104 154
320 133 8 255 104 154
321 133 8 255 104 154
322 133 8 255 104 154
323 133 8 255 104 154
324 133 8 255 104 154
325 133 8 255 104 154
326 132 8 255 104 154
327 132 8 255 104 154
327 131 8 255 104 154
328 131 8 255 104 154
328 130 8 255 104 154
329 129 8 255 104 154
329 128 8 255 104 154
330 127 8 255 104 154
330 126 8 255 104 154
331 126 8 255 104 154
331 125 8 255 104 154
331 124 8 255 104 154
332 124 8 255 104 154
332 123 8 255 104 154
332 122 8 255 104 154
333 121 8 255 104 154
333 120 8 255 104 154
333 119 8 255 104 154
333 118 8 255 104 154
333 117 8 255 104 154
333 116 8 255 104 154
333 115 8 255 104 154
332 115 8 255 104 154
331 115 8 255 104 154
331 114 8 255 104 154
330 114 8 255 104 154
329 114 8 255 104 154
328 114 8 255 104 154
328 113 8 255 104 154
327 113 8 255 104 154
326 113 8 255 104 154
325 113 8 255 104 154
324 113 8 255 104 154
323 113 8 255 104 154
0 0 8 255 104 154
52 173 69 159 251 255
53 173 69 159 251 255
54 173 69 159 251 255
55 173 69 159 251 255
56 173 69 159 251 255
57 173 69 159 251 255
58 173 69 159 251 255
59 173 69 159 251 255
61 173 69 159 251 255
64 173 69 159 251 255
64 172 69 159 251 255
66 172 69 159 251 255
67 172 69 159 251 255
69 172 69 159 251 255
70 172 69 159 251 255
73 172 69 159 251 255
74 172 69 159 251 255
77 171 69 159 251 255
78 171 69 159 251 255
79 171 69 159 251 255
80 171 69 159 251 255
80 170 69 159 251 255
81 170 69 159 251 255
82 170 69 159 251 255
83 170 69 159 251 255
84 170 69 159 251 255
85 170 69 159 251 255
86 170 69 159 251 255
87 170 69 159 251 255
88 170 69 159 251 255
89 170 69 159 251 255
90 170 69 159 251 255
91 170 69 159 251 255
93 170 69 159 251 255
94 170 69 159 251 255
95 170 69 159 251 255
99 170 69 159 251 255
100 170 69 159 251 255
101 170 69 159 251 255
102 170 69 159 251 255
103 170 69 159 251 255
104 170 69 159 251 255
105 170 69 159 251 255
107 170 69 159 251 255
108 170 69 159 251 255
109 170 69 159 251 255
110 170 69 159 251 255
111 170 69 159 251 255
112 170 69 159 251 255
113 170 69 159 251 255
114 170 69 159 251 255
115 170 69 159 251 255
116 170 69 159 251 255
117 170 69 159 251 255
118 170 69 159 251 255
120 170 69 159 251 255
124 170 69 159 251 255
125 170 69 159 251 255
126 170 69 159 251 255
127 170 69 159 251 255
128 170 69 159 251 255
130 170 69 159 251 255
131 170 69 159 251 255
132 170 69 159 251 255
133 170 69 159 251 255
134 170 69 159 251 255
135 170 69 159 251 255
136 170 69 159 251 255
137 170 69 159 251 255
138 170 69 159 251 255
139 170 69 159 251 255
141 170 69 159 251 255
142 170 69 159 251 255
143 170 69 159 251 255
144 170 69 159 251 255
149 170 69 159 251 255
150 170 69 159 251 255
151 170 69 159 251 255
152 170 69 159 251 255
154 170 69 159 251 255
155 170 69 159 251 255
157 170 69 159 251 255
158 170 69 159 251 255
160 170 69 159 251 255
161 170 69 159 251 255
162 170 69 159 251 255
163 170 69 159 251 255
164 170 69 159 251 255
165 170 69 159 251 255
166 170 69 159 251 255
167 170 69 159 251 255
169 170 69 159 251 255
170 170 69 159 251 255
174 170 69 159 251 255
175 170 69 159 251 255
176 170 69 159 251 255
177 170 69 159 251 255
178 170 69 159 251 255
179 170 69 159 251 255
180 170 69 159 251 255
181 170 69 159 251 255
182 170 69 159 251 255
183 170 69 159 251 255
184 170 69 159 251 255
185 170 69 159 251 255
186 170 69 159 251 255
187 170 69 159 251 255
189 171 69 159 251 255
190 171 69 159 251 255
192 171 69 159 251 255
193 171 69 159 251 255
194 171 69 159 251 255
195 171 69 159 251 255
199 171 69 159 251 255
200 171 69 159 251 255
201 171 69 159 251 255
202 171 69 159 251 255
203 171 69 159 251 255
204 171 69 159 251 255
205 171 69 159 251 255
206 171 69 159 251 255
207 171 69 159 251 255
209 171 69 159 251 255
210 171 69 159 251 255
211 171 69 159 251 255
213 171 69 159 251 255
214 171 69 159 251 255
215 171 69 159 251 255
216 171 69 159 251 255
217 171 69 159 251 255
218 171 69 159 251 255
219 171 69 159 251 255
220 171 69 159 251 255
225 171 69 159 251 255
226 171 69 159 251 255
228 171 69 159 251 255
229 171 69 159 251 255
230 171 69 159 251 255
232 171 69 159 251 255
233 171 69 159 251 255
234 171 69 159 251 255
235 171 69 159 251 255
236 171 69 159 251 255
237 171 69 159 251 255
239 172 69 159 251 255
240 172 69 159 251 255
241 172 69 159 251 255
242 172 69 159 251 255
243 172 69 159 251 255
244 172 69 159 251 255
248 172 69 159 251 255
249 172 69 159 251 255
251 172 69 159 251 255
252 172 69 159 251 255
253 172 69 159 251 255
254 172 69 159 251 255
255 172 69 159 251 255
256 172 69 159 251 255
257 172 69 159 251 255
258 172 69 159 251 255
259 172 69 159 251 255
260 172 69 159 251 255
261 172 69 159 251 255
262 172 69 159 251 255
263 172 69 159 251 255
264 172 69 159 251 255
265 172 69 159 251 255
266 172 69 159 251 255
267 172 69 159 251 255
272 173 69 159 251 255
273 173 69 159 251 255
274 173 69 159 251 255
276 173 69 159 251 255
277 173 69 159 251 255
278 173 69 159 251 255
279 173 69 159 251 255
280 173 69 159 251 255
282 173 69 159 251 255
283 173 69 159 251 255
284 173 69 159 251 255
285 173 69 159 251 255
286 173 69 159 251 255
288 173 69 159 251 255
289 173 69 159 251 255
290 173 69 159 251 255
291 173 69 159 251 255
296 173 69 159 251 255
297 173 69 159 251 255
298 173 69 159 251 255
299 173 69 159 251 255
300 173 69 159 251 255
302 173 69 159 251 255
303 173 69 159 251 255
305 173 69 159 251 255
306 173 69 159 251 255
307 173 69 159 251 255
308 173 69 159 251 255
309 173 69 159 251 255
310 173 69 159 251 255
312 173 69 159 251 255
313 173 69 159 251 255
314 173 69 159 251 255
315 173 69 159 251 255
319 173 69 159 251 255
320 173 69 159 251 255
322 173 69 159 251 255
323 173 69 159 251 255
324 173 69 159 251 255
325 173 69 159 251 255
326 173 69 159 251 255
327 173 69 159 251 255
329 173 69 159 251 255
330 173 69 159 251 255
331 173 69 159 251 255
332 173 69 159 251 255
333 173 69 159 251 255
334 173 69 159 251 255
335 173 69 159 251 255
336 173 69 159 251 255
340 173 69 159 251 255
341 173 69 159 251 255
342 173 69 159 251 255
343 173 69 159 251 255
344 173 69 159 251 255
345 173 69 159 251 255
346 174 69 159 251 255
347 174 69 159 251 255
348 174 69 159 251 255
349 174 69 159 251 255
350 174 69 159 251 255
351 174 69 159 251 255
352 174 69 159 251 255
353 174 69 159 251 255
356 174 69 159 251 255
357 174 69 159 251 255
358 174 69 159 251 255
358 175 69 159 251 255
359 175 69 159 251 255
360 175 69 159 251 255
361 175 69 159 251 255
362 175 69 159 251 255
363 175 69 159 251 255
364 175 69 159 251 255
365 175 69 159 251 255
367 175 69 159 251 255
368 175 69 159 251 255
369 175 69 159 251 255
370 175 69 159 251 255
371 175 69 159 251 255
372 175 69 159 251 255
373 175 69 159 251 255
374 175 69 159 251 255
375 175 69 159 251 255
375 176 69 159 251 255
0 0 69 159 251 255
